time(s)	origin signal	filtered signal
0	-0.0498749		-3.11063e-20
0.001	0.657649		-3.25153e-05
0.002	1.05613		0.000366741
0.003	1.22515		0.00142904
0.004	1.02222		0.00306715
0.005	0.704095		0.00462373
0.006	0.444942		0.00501179
0.007	0.426449		0.00312091
0.008	0.495724		-0.00143147
0.009	0.574554		-0.00768981
0.01	0.442939		-0.0131196
0.011	0.179291		-0.0143289
0.012	-0.382673		-0.00853764
0.013	-0.991726		0.00437541
0.014	-1.42307		0.0206744
0.015	-1.52403		0.0331748
0.016	-1.23279		0.0336847
0.017	-0.698227		0.0169173
0.018	-0.20089		-0.0157358
0.019	0.148716		-0.0544387
0.02	0.342745		-0.0823355
0.021	0.24092		-0.0802391
0.022	0.164437		-0.0332042
0.023	0.260471		0.0639536
0.024	0.559674		0.204225
0.025	0.987788		0.370215
0.026	1.2965		0.539387
0.027	1.31515		0.690268
0.028	0.983218		0.806902
0.029	0.3824		0.879743
0.03	-0.327269		0.903191
0.031	-0.783856		0.871845
0.032	-1.01487		0.778555
0.033	-0.94815		0.616014
0.034	-0.754476		0.382182
0.035	-0.513703		0.08689
0.036	-0.470311		-0.243882
0.037	-0.594694		-0.569445
0.038	-0.769859		-0.8421
0.039	-0.781236		-1.019
0.04	-0.437931		-1.0737
0.041	0.0908078		-1.00281
0.042	0.75772		-0.825165
0.043	1.27375		-0.574006
0.044	1.44614		-0.285966
0.045	1.25813		0.00822727
0.046	0.884598		0.287669
0.047	0.397293		0.538998
0.048	0.124996		0.750298
0.049	-0.0622964		0.905822
0.05	0.0279656		0.985031
0.051	0.0676219		0.967699
0.052	-0.0390923		0.842988
0.053	-0.373791		0.616759
0.054	-0.87724		0.31446
0.055	-1.30465		-0.0233121
0.056	-1.46558		-0.350634
0.057	-1.25145		-0.627585
0.058	-0.678116		-0.828102
0.059	-0.115766		-0.941646
0.06	0.463115		-0.969028
0.061	0.720693		-0.915529
0.062	0.789568		-0.785996
0.063	0.580576		-0.584701
0.064	0.449522		-0.319779
0.065	0.566351		-0.00891483
0.066	0.687768		0.317676
0.067	0.910652		0.619874
0.068	1.01874		0.856189
0.069	0.819279		0.994503
0.07	0.327654		1.0205
0.071	-0.349034		0.93999
0.072	-0.974548		0.77399
0.073	-1.33749		0.549813
0.074	-1.26896		0.292288
0.075	-1.00315		0.0195254
0.076	-0.612987		-0.255478
0.077	-0.265088		-0.519081
0.078	-0.178085		-0.75148
0.079	-0.285522		-0.925681
0.08	-0.283988		-1.01251
0.081	-0.193603		-0.98994
0.082	0.189122		-0.852403
0.083	0.695569		-0.615417
0.084	1.19917		-0.312776
0.085	1.46166		0.0125703
0.086	1.36863		0.319962
0.087	0.96559		0.579635
0.088	0.396238		0.77535
0.089	-0.113108		0.900853
0.09	-0.473818		0.953396
0.091	-0.500895		0.928762
0.092	-0.438285		0.821142
0.093	-0.402297		0.628145
0.094	-0.493015		0.358044
0.095	-0.690377		0.034776
0.096	-1.01453		-0.30293
0.097	-1.23792		-0.609077
0.098	-1.06682		-0.841794
0.099	-0.65081		-0.973538
0.1	-0.0352504		-0.996421
0.101	0.696249		-0.919997
0.102	1.05096		-0.763957
0.103	1.23479		-0.549786
0.104	1.03301		-0.295301
0.105	0.686412		-0.0149581
0.106	0.452569		0.275809
0.107	0.343891		0.555543
0.108	0.510102		0.795066
0.109	0.568213		0.961588
0.11	0.440852		1.02697
0.111	0.181122		0.977243
0.112	-0.371555		0.818154
0.113	-0.984874		0.574049
0.114	-1.43433		0.28049
0.115	-1.50774		-0.0257271
0.116	-1.16021		-0.314776
0.117	-0.687146		-0.566937
0.118	-0.200066		-0.769911
0.119	0.182519		-0.913192
0.12	0.317094		-0.983814
0.121	0.236909		-0.966805
0.122	0.180487		-0.850829
0.123	0.316878		-0.636179
0.124	0.627007		-0.340747
0.125	1.02559		-6.02423e-05
0.126	1.31552		0.339514
0.127	1.30556		0.632241
0.128	0.935344		0.84415
0.129	0.358465		0.959156
0.13	-0.260425		0.978245
0.131	-0.846651		0.91296
0.132	-1.00825		0.776999
0.133	-0.917064		0.581253
0.134	-0.717558		0.333945
0.135	-0.564004		0.0457188
0.136	-0.453709		-0.264213
0.137	-0.582816		-0.565173
0.138	-0.766893		-0.818429
0.139	-0.776832		-0.98605
0.14	-0.478356		-1.04166
0.141	0.0556382		-0.978334
0.142	0.746828		-0.809849
0.143	1.21287		-0.565084
0.144	1.43781		-0.278421
0.145	1.27108		0.019388
0.146	0.936687		0.305573
0.147	0.40354		0.563958
0.148	0.112691		0.779821
0.149	-0.0265288		0.935598
0.15	-0.030401		1.01033
0.151	0.059388		0.984805
0.152	-0.0548277		0.85007
0.153	-0.433995		0.614448
0.154	-0.8883		0.305751
0.155	-1.25488		-0.0338872
0.156	-1.48945		-0.358381
0.157	-1.18172		-0.629136
0.158	-0.704871		-0.822436
0.159	-0.113089		-0.930436
0.16	0.478661		-0.956154
0.161	0.730837		-0.905897
0.162	0.806152		-0.784035
0.163	0.637631		-0.592945
0.164	0.514404		-0.337998
0.165	0.494257		-0.0341002
0.166	0.744396		0.290436
0.167	0.895694		0.596155
0.168	0.970942		0.840413
0.169	0.824473		0.988693
0.17	0.275299		1.02379
0.171	-0.327577		0.948829
0.172	-0.994434		0.783427
0.173	-1.3244		0.554994
0.174	-1.3293		0.289988
0.175	-0.976691		0.00896645
0.176	-0.575321		-0.272477
0.177	-0.289204		-0.538874
0.178	-0.192505		-0.769846
0.179	-0.221629		-0.939004
0.18	-0.31862		-1.01852
0.181	-0.217679		-0.987982
0.182	0.115783		-0.843224
0.183	0.640773		-0.600442
0.184	1.22256		-0.293553
0.185	1.51079		0.0346851
0.186	1.37453		0.34366
0.187	0.95464		0.603446
0.188	0.409044		0.79737
0.189	-0.191971		0.918755
0.19	-0.514151		0.964699
0.191	-0.554443		0.9315
0.192	-0.438218		0.814557
0.193	-0.368238		0.613237
0.194	-0.455569		0.337571
0.195	-0.748719		0.0128063
0.196	-1.02005		-0.322069
0.197	-1.22408		-0.62187
0.198	-1.06718		-0.846621
0.199	-0.672255		-0.971169
0.2	-0.00633106		-0.98975
0.201	0.624533		-0.913174
0.202	1.09459		-0.761071
0.203	1.19753		-0.553481
0.204	1.02659		-0.30612
0.205	0.672127		-0.0311623
0.206	0.460326		0.25748
0.207	0.433157		0.538559
0.208	0.483016		0.781953
0.209	0.592374		0.952802
0.21	0.444523		1.02096
0.211	0.126991		0.971056
0.212	-0.435888		0.808625
0.213	-0.943561		0.55913
0.214	-1.40773		0.260246
0.215	-1.42573		-0.0490822
0.216	-1.23218		-0.337612
0.217	-0.672155		-0.585449
0.218	-0.206182		-0.781481
0.219	0.175899		-0.917398
0.22	0.337044		-0.98254
0.221	0.201194		-0.9636
0.222	0.241991		-0.849584
0.223	0.289005		-0.639693
0.224	0.581513		-0.349792
0.225	1.02691		-0.0131896
0.226	1.2844		0.32551
0.227	1.27823		0.621049
0.228	0.985849		0.838606
0.229	0.382098		0.960398
0.23	-0.298731		0.985392
0.231	-0.803525		0.923395
0.232	-1.00017		0.787463
0.233	-0.91989		0.588808
0.234	-0.6747		0.3369
0.235	-0.491593		0.0441052
0.236	-0.486165		-0.268838
0.237	-0.602864		-0.570457
0.238	-0.765272		-0.821967
0.239	-0.773917		-0.986119
0.24	-0.507101		-1.0378
0.241	0.0919309		-0.971349
0.242	0.717643		-0.801486
0.243	1.27169		-0.557523
0.244	1.41649		-0.273613
0.245	1.26279		0.0200382
0.246	0.898862		0.301424
0.247	0.443611		0.555223
0.248	0.0972331		0.767516
0.249	-0.0481267		0.921304
0.25	-0.000553911		0.996072
0.251	-0.00870487		0.97294
0.252	-0.0646974		0.842799
0.253	-0.412556		0.613651
0.254	-0.876352		0.312395
0.255	-1.27478		-0.0200477
0.256	-1.41175		-0.338955
0.257	-1.26627		-0.606759
0.258	-0.704527		-0.80035
0.259	-0.0313669		-0.911712
0.26	0.516684		-0.942865
0.261	0.772901		-0.898774
0.262	0.794616		-0.782384
0.263	0.579276		-0.594996
0.264	0.515421		-0.341459
0.265	0.572125		-0.0368801
0.266	0.691681		0.289721
0.267	0.940282		0.597647
0.268	0.990532		0.843383
0.269	0.767553		0.991735
0.27	0.254748		1.02528
0.271	-0.334779		0.947461
0.272	-0.93792		0.778499
0.273	-1.2836		0.54667
0.274	-1.32784		0.2791
0.275	-1.01731		-0.00312626
0.276	-0.650848		-0.284101
0.277	-0.352343		-0.548355
0.278	-0.188431		-0.77569
0.279	-0.21435		-0.939996
0.28	-0.289384		-1.01396
0.281	-0.187301		-0.977791
0.282	0.156519		-0.827955
0.283	0.664547		-0.581374
0.284	1.18849		-0.272627
0.285	1.47565		0.0550914
0.286	1.36874		0.361153
0.287	0.975383		0.616079
0.288	0.427523		0.804241
0.289	-0.162008		0.920344
0.29	-0.44286		0.962839
0.291	-0.503986		0.928906
0.292	-0.426105		0.813983
0.293	-0.36435		0.616377
0.294	-0.479907		0.344393
0.295	-0.661708		0.0212165
0.296	-1.051		-0.315532
0.297	-1.2377		-0.621026
0.298	-1.0583		-0.854047
0.299	-0.648832		-0.987119
0.3	0.0109638		-1.01173
0.301	0.696902		-0.936536
0.302	1.04403		-0.780501
0.303	1.23184		-0.56479
0.304	1.02911		-0.307551
0.305	0.68832		-0.0239968
0.306	0.420393		0.269567
0.307	0.387358		0.551068
0.308	0.436149		0.791259
0.309	0.528923		0.957739
0.31	0.517526		1.02324
0.311	0.148513		0.974614
0.312	-0.387443		0.817886
0.313	-1.03163		0.577206
0.314	-1.40422		0.287439
0.315	-1.48762		-0.0154289
0.316	-1.19225		-0.302386
0.317	-0.655336		-0.554095
0.318	-0.164695		-0.758014
0.319	0.170363		-0.903064
0.32	0.312709		-0.975556
0.321	0.249566		-0.959897
0.322	0.213157		-0.844414
0.323	0.299522		-0.62952
0.324	0.559372		-0.333593
0.325	1.02079		0.00713877
0.326	1.25339		0.345872
0.327	1.32034		0.636573
0.328	1.00937		0.845383
0.329	0.370834		0.956712
0.33	-0.269159		0.972128
0.331	-0.80047		0.903654
0.332	-1.02194		0.765391
0.333	-0.904826		0.56828
0.334	-0.704898		0.320498
0.335	-0.538762		0.032624
0.336	-0.453071		-0.276061
0.337	-0.61187		-0.574708
0.338	-0.80419		-0.824384
0.339	-0.774006		-0.987161
0.34	-0.512366		-1.03716
0.341	0.092468		-0.968403
0.342	0.757302		-0.795983
0.343	1.24238		-0.550072
0.344	1.39498		-0.265794
0.345	1.27688		0.0261534
0.346	0.843981		0.304166
0.347	0.437681		0.553885
0.348	0.0519345		0.762929
0.349	0.00145062		0.915608
0.35	0.0364315		0.992075
0.351	0.0429447		0.973026
0.352	-0.0666078		0.848061
0.353	-0.388363		0.623245
0.354	-0.936922		0.323871
0.355	-1.33125		-0.010162
0.356	-1.42141		-0.333981
0.357	-1.21947		-0.608813
0.358	-0.740374		-0.809606
0.359	-0.111545		-0.926411
0.36	0.44242		-0.95987
0.361	0.773841		-0.914474
0.362	0.755946		-0.793924
0.363	0.606895		-0.601191
0.364	0.485399		-0.343166
0.365	0.540572		-0.0365895
0.366	0.740419		0.288743
0.367	0.96405		0.592717
0.368	1.0126		0.833327
0.369	0.811271		0.977491
0.37	0.323711		1.0097
0.371	-0.331623		0.934453
0.372	-1.00856		0.771779
0.373	-1.29501		0.548378
0.374	-1.30309		0.289158
0.375	-1.02463		0.0128285
0.376	-0.645129		-0.26647
0.377	-0.274485		-0.533927
0.378	-0.245912		-0.768705
0.379	-0.25357		-0.943336
0.38	-0.286558		-1.02866
0.381	-0.201898		-1.0031
0.382	0.170426		-0.861795
0.383	0.657228		-0.620833
0.384	1.17307		-0.314306
0.385	1.43659		0.0148085
0.386	1.43427		0.325928
0.387	0.95655		0.589478
0.388	0.382148		0.789063
0.389	-0.114586		0.918052
0.39	-0.436005		0.973161
0.391	-0.52093		0.949522
0.392	-0.439061		0.840878
0.393	-0.375331		0.644723
0.394	-0.4738		0.36961
0.395	-0.670442		0.0400986
0.396	-1.04087		-0.304196
0.397	-1.15792		-0.616508
0.398	-1.11385		-0.854191
0.399	-0.676336		-0.989509
0.4	0.00424055		-1.01445
0.401	0.699774		-0.938804
0.402	1.04218		-0.782676
0.403	1.15242		-0.567937
0.404	1.01619		-0.312713
0.405	0.698788		-0.0315432
0.406	0.41938		0.260253
0.407	0.362733		0.541419
0.408	0.502594		0.782987
0.409	0.52317		0.952166
0.41	0.440183		1.02072
0.411	0.105906		0.974396
0.412	-0.360559		0.818566
0.413	-1.03507		0.577264
0.414	-1.44876		0.285936
0.415	-1.51966		-0.0184921
0.416	-1.20829		-0.305981
0.417	-0.643202		-0.556565
0.418	-0.175761		-0.757872
0.419	0.175405		-0.899752
0.42	0.338509		-0.969841
0.421	0.280069		-0.953811
0.422	0.205951		-0.840758
0.423	0.344213		-0.631012
0.424	0.628136		-0.341818
0.425	0.989769		-0.00770148
0.426	1.26925		0.326204
0.427	1.25846		0.61517
0.428	0.975601		0.825689
0.429	0.417164		0.941422
0.43	-0.304023		0.962511
0.431	-0.826051		0.899131
0.432	-1.00139		0.763786
0.433	-0.957848		0.566561
0.434	-0.691779		0.31557
0.435	-0.479944		0.0222592
0.436	-0.505093		-0.292687
0.437	-0.585932		-0.596864
0.438	-0.82113		-0.849965
0.439	-0.717333		-1.01315
0.44	-0.465373		-1.06005
0.441	0.0967558		-0.984894
0.442	0.719798		-0.803565
0.443	1.19542		-0.547463
0.444	1.41443		-0.253249
0.445	1.28219		0.0468242
0.446	0.838817		0.329745
0.447	0.415552		0.580304
0.448	0.0469966		0.786047
0.449	-0.0172633		0.9319
0.45	0.0355098		0.999366
0.451	-0.0102583		0.97084
0.452	-0.0576659		0.837516
0.453	-0.407554		0.606743
0.454	-0.869241		0.304417
0.455	-1.26362		-0.0293892
0.456	-1.43919		-0.350201
0.457	-1.21262		-0.620037
0.458	-0.747854		-0.814714
0.459	-0.0491897		-0.925132
0.46	0.498318		-0.952765
0.461	0.789204		-0.902859
0.462	0.724954		-0.779628
0.463	0.661823		-0.586289
0.464	0.513095		-0.329653
0.465	0.545128		-0.0261717
0.466	0.668725		0.294885
0.467	0.938561		0.59397
0.468	1.05474		0.829677
0.469	0.756038		0.969385
0.47	0.27139		0.997839
0.471	-0.407166		0.919807
0.472	-0.924864		0.755526
0.473	-1.29603		0.532043
0.474	-1.31411		0.274489
0.475	-0.957752		0.00168632
0.476	-0.62203		-0.272387
0.477	-0.29055		-0.533387
0.478	-0.230665		-0.761287
0.479	-0.280758		-0.9294
0.48	-0.319838		-1.00922
0.481	-0.179983		-0.979549
0.482	0.205849		-0.835488
0.483	0.645314		-0.592839
0.484	1.2322		-0.285589
0.485	1.4697		0.0432611
0.486	1.36148		0.35264
0.487	1.02129		0.612099
0.488	0.370902		0.80479
0.489	-0.095957		0.924019
0.49	-0.447941		0.96751
0.491	-0.512855		0.93224
0.492	-0.492376		0.814338
0.493	-0.391191		0.613458
0.494	-0.509538		0.339473
0.495	-0.681044		0.0168265
0.496	-1.05232		-0.316515
0.497	-1.2038		-0.616522
0.498	-1.10568		-0.843584
0.499	-0.602029		-0.972301
0.5	-0.0461425		-0.995698
0.501	0.626499		-0.923152
0.502	1.05573		-0.773046
0.503	1.16904		-0.564726
0.504	0.979074		-0.314042
0.505	0.718139		-0.0340381
0.506	0.49845		0.260291
0.507	0.430762		0.54679
0.508	0.433006		0.794788
0.509	0.577859		0.96939
0.51	0.490084		1.04075
0.511	0.159072		0.993624
0.512	-0.362808		0.833266
0.513	-0.997533		0.584473
0.514	-1.36134		0.284226
0.515	-1.45911		-0.0288265
0.516	-1.22686		-0.323147
0.517	-0.671038		-0.577878
0.518	-0.158668		-0.780379
0.519	0.174331		-0.920922
0.52	0.338195		-0.988229
0.521	0.250408		-0.969136
0.522	0.210386		-0.853705
0.523	0.313649		-0.642544
0.524	0.584312		-0.352755
0.525	0.989695		-0.0181594
0.526	1.27836		0.317089
0.527	1.26169		0.608971
0.528	1.00257		0.824235
0.529	0.341334		0.946329
0.53	-0.336864		0.974624
0.531	-0.811219		0.918474
0.532	-1.00087		0.789728
0.533	-0.976269		0.598049
0.534	-0.740413		0.351394
0.535	-0.558883		0.061264
0.536	-0.484209		-0.251744
0.537	-0.629522		-0.555495
0.538	-0.761418		-0.810092
0.539	-0.741696		-0.977138
0.54	-0.481398		-1.03046
0.541	0.0865871		-0.964011
0.542	0.701783		-0.792769
0.543	1.26475		-0.546907
0.544	1.45142		-0.261601
0.545	1.26385		0.0320276
0.546	0.933336		0.311587
0.547	0.461361		0.56191
0.548	0.0779424		0.769821
0.549	0.0154891		0.919163
0.55	-0.0314692		0.990205
0.551	0.0728284		0.964055
0.552	-0.0813269		0.831235
0.553	-0.429554		0.598857
0.554	-0.875656		0.293141
0.555	-1.27304		-0.0450987
0.556	-1.48724		-0.370369
0.557	-1.25262		-0.643738
0.558	-0.73611		-0.840374
0.559	-0.0773766		-0.950981
0.56	0.51506		-0.977123
0.561	0.78245		-0.924387
0.562	0.794692		-0.797374
0.563	0.66456		-0.599479
0.564	0.488		-0.337488
0.565	0.514213		-0.0276604
0.566	0.750566		0.300827
0.567	0.914222		0.60828
0.568	0.99876		0.852634
0.569	0.807218		1.0003
0.57	0.279248		1.03489
0.571	-0.348314		0.960048
0.572	-0.948507		0.795264
0.573	-1.28439		0.567347
0.574	-1.26939		0.301817
0.575	-1.03607		0.0184416
0.576	-0.638766		-0.267527
0.577	-0.332744		-0.540165
0.578	-0.184485		-0.777927
0.579	-0.205237		-0.952722
0.58	-0.307109		-1.03519
0.581	-0.180361		-1.00393
0.582	0.126559		-0.854536
0.583	0.725416		-0.60418
0.584	1.16224		-0.288547
0.585	1.47732		0.0474021
0.586	1.41895		0.361253
0.587	0.986931		0.622168
0.588	0.422487		0.813737
0.589	-0.184354		0.930712
0.59	-0.517572		0.972232
0.591	-0.592316		0.936452
0.592	-0.51066		0.819794
0.593	-0.401345		0.6213
0.594	-0.47919		0.349648
0.595	-0.686379		0.027997
0.596	-1.04946		-0.306489
0.597	-1.20479		-0.609595
0.598	-1.13001		-0.840844
0.599	-0.633716		-0.973547
0.6	0.0224937		-0.999525
0.601	0.621161		-0.92746
0.602	1.1062		-0.775679
0.603	1.20584		-0.564137
0.604	1.02921		-0.309581
0.605	0.710507		-0.0259716
0.606	0.419743		0.270854
0.607	0.39139		0.558046
0.608	0.418403		0.804518
0.609	0.597352		0.975187
0.61	0.471932		1.04028
0.611	0.190394		0.985051
0.612	-0.380936		0.815775
0.613	-0.989983		0.558622
0.614	-1.38548		0.251976
0.615	-1.45625		-0.0644359
0.616	-1.20472		-0.358576
0.617	-0.69581		-0.609755
0.618	-0.210625		-0.806269
0.619	0.213104		-0.939504
0.62	0.260849		-0.998989
0.621	0.202433		-0.972234
0.622	0.183584		-0.849473
0.623	0.338451		-0.631477
0.624	0.58003		-0.335619
0.625	0.982191		0.00355636
0.626	1.2918		0.340789
0.627	1.25895		0.631154
0.628	0.967028		0.840996
0.629	0.372469		0.954397
0.63	-0.283298		0.97244
0.631	-0.774307		0.906802
0.632	-1.01984		0.771645
0.633	-0.948382		0.578078
0.634	-0.675915		0.334368
0.635	-0.48024		0.0506693
0.636	-0.486312		-0.254663
0.637	-0.575226		-0.5521
0.638	-0.816501		-0.803819
0.639	-0.755145		-0.972356
0.64	-0.439173		-1.0312
0.641	0.0568163		-0.972755
0.642	0.692771		-0.809983
0.643	1.2096		-0.570995
0.644	1.39487		-0.28958
0.645	1.30515		0.00369752
0.646	0.877509		0.286135
0.647	0.375622		0.54151
0.648	0.0418756		0.755376
0.649	-0.0376863		0.910498
0.65	0.0357936		0.986515
0.651	0.0769331		0.964663
0.652	-0.0985821		0.835863
0.653	-0.401032		0.607933
0.654	-0.877231		0.307623
0.655	-1.26306		-0.0242634
0.656	-1.40466		-0.342884
0.657	-1.22292		-0.610422
0.658	-0.702628		-0.803328
0.659	-0.110239		-0.913301
0.66	0.504846		-0.942346
0.661	0.757651		-0.895764
0.662	0.78091		-0.777257
0.663	0.633898		-0.589089
0.664	0.505563		-0.336961
0.665	0.556078		-0.0363661
0.666	0.727455		0.283911
0.667	0.91772		0.584212
0.668	0.960972		0.822456
0.669	0.776892		0.965143
0.67	0.278049		0.996355
0.671	-0.398474		0.920313
0.672	-0.94594		0.757222
0.673	-1.32086		0.534463
0.674	-1.25634		0.277622
0.675	-1.03831		0.00587438
0.676	-0.586225		-0.266855
0.677	-0.297111		-0.526465
0.678	-0.163134		-0.753511
0.679	-0.278048		-0.92176
0.68	-0.290336		-1.00298
0.681	-0.141926		-0.975697
0.682	0.19363		-0.83439
0.683	0.731193		-0.594163
0.684	1.16167		-0.288257
0.685	1.51568		0.0405324
0.686	1.43321		0.351023
0.687	1.03842		0.612219
0.688	0.438604		0.806459
0.689	-0.104362		0.926371
0.69	-0.462657		0.969179
0.691	-0.581348		0.93186
0.692	-0.451747		0.810811
0.693	-0.410354		0.606398
0.694	-0.484848		0.329264
0.695	-0.682887		0.00462466
0.696	-0.984912		-0.328951
0.697	-1.22718		-0.627096
0.698	-1.06541		-0.850423
0.699	-0.653196		-0.973978
0.7	-0.0418516		-0.991652
0.701	0.681945		-0.913632
0.702	1.12233		-0.758878
0.703	1.15674		-0.547079
0.704	0.994471		-0.293932
0.705	0.713439		-0.0119977
0.706	0.45721		0.284228
0.707	0.413058		0.572831
0.708	0.432627		0.82292
0.709	0.572671		0.999012
0.71	0.525031		1.07036
0.711	0.0949316		1.02108
0.712	-0.38896		0.856177
0.713	-0.973915		0.600995
0.714	-1.43606		0.29358
0.715	-1.51832		-0.0260675
0.716	-1.21444		-0.32509
0.717	-0.667009		-0.581719
0.718	-0.131729		-0.783212
0.719	0.187792		-0.920369
0.72	0.281015		-0.982803
0.721	0.274301		-0.958519
0.722	0.175781		-0.83853
0.723	0.323827		-0.624207
0.724	0.58195		-0.332983
0.725	0.97046		0.00131762
0.726	1.34043		0.334627
0.727	1.28621		0.623382
0.728	0.925331		0.834679
0.729	0.398606		0.952335
0.73	-0.32871		0.976088
0.731	-0.845464		0.91549
0.732	-1.05902		0.782455
0.733	-0.948504		0.586614
0.734	-0.695792		0.336086
0.735	-0.540148		0.0424548
0.736	-0.507187		-0.273282
0.737	-0.633303		-0.578559
0.738	-0.81278		-0.833123
0.739	-0.756912		-0.998453
0.74	-0.455601		-1.04866
0.741	0.0519394		-0.978277
0.742	0.727882		-0.803132
0.743	1.26881		-0.553945
0.744	1.44575		-0.266268
0.745	1.3009		0.0289
0.746	0.843789		0.309577
0.747	0.420338		0.560999
0.748	0.0647706		0.77019
0.749	-0.0405764		0.920951
0.75	0.0363338		0.993107
0.751	0.0319153		0.967498
0.752	-0.130028		0.834428
0.753	-0.417179		0.601149
0.754	-0.86745		0.294257
0.755	-1.26605		-0.0450032
0.756	-1.40578		-0.370948
0.757	-1.19613		-0.644731
0.758	-0.732829		-0.84187
0.759	-0.0317026		-0.953448
0.76	0.49002		-0.981106
0.761	0.786115		-0.930168
0.762	0.804711		-0.80468
0.763	0.651517		-0.607356
0.764	0.535834		-0.344612
0.765	0.565304		-0.0329333
0.766	0.751433		0.297717
0.767	0.935558		0.606475
0.768	1.00397		0.850136
0.769	0.760924		0.994461
0.77	0.279294		1.0232
0.771	-0.339378		0.941074
0.772	-0.98027		0.769411
0.773	-1.34105		0.536977
0.774	-1.34324		0.270992
0.775	-0.984254		-0.00794472
0.776	-0.581428		-0.284788
0.777	-0.353631		-0.54496
0.778	-0.243547		-0.769212
0.779	-0.257784		-0.932055
0.78	-0.275504		-1.00621
0.781	-0.151365		-0.971469
0.782	0.13103		-0.823461
0.783	0.648958		-0.578099
0.784	1.14678		-0.268942
0.785	1.46014		0.0614007
0.786	1.35533		0.372241
0.787	1.04092		0.633296
0.788	0.418486		0.827541
0.789	-0.188031		0.947904
0.79	-0.434113		0.991384
0.791	-0.536147		0.954425
0.792	-0.470269		0.832625
0.793	-0.434747		0.625592
0.794	-0.485654		0.343609
0.795	-0.716912		0.0121118
0.796	-0.998322		-0.329572
0.797	-1.16609		-0.635834
0.798	-1.13452		-0.865843
0.799	-0.618686		-0.993717
0.8	-0.0361568		-1.01294
0.801	0.664717		-0.934208
0.802	1.09184		-0.777767
0.803	1.24262		-0.56494
0.804	1.01007		-0.312817
0.805	0.677586		-0.0347733
0.806	0.439983		0.254893
0.807	0.415069		0.53555
0.808	0.447694		0.778297
0.809	0.547954		0.949679
0.81	0.48633		1.02051
0.811	0.103648		0.975339
0.812	-0.355279		0.818518
0.813	-0.967497		0.573729
0.814	-1.43838		0.276823
0.815	-1.47989		-0.0342402
0.816	-1.17077		-0.327946
0.817	-0.634797		-0.582866
0.818	-0.138071		-0.785614
0.819	0.196292		-0.925624
0.82	0.306013		-0.990899
0.821	0.290961		-0.968013
0.822	0.221345		-0.847131
0.823	0.288984		-0.62963
0.824	0.615499		-0.333677
0.825	0.979038		0.00570988
0.826	1.29815		0.343187
0.827	1.32927		0.633988
0.828	0.947686		0.844608
0.829	0.376351		0.958915
0.83	-0.29463		0.977454
0.831	-0.754955		0.911104
0.832	-0.992967		0.773305
0.833	-0.906846		0.574972
0.834	-0.697843		0.325003
0.835	-0.529896		0.0350586
0.836	-0.468767		-0.274551
0.837	-0.600401		-0.572439
0.838	-0.722955		-0.819653
0.839	-0.790968		-0.978796
0.84	-0.462581		-1.02481
0.841	0.109122		-0.952361
0.842	0.72126		-0.777063
0.843	1.27302		-0.529377
0.844	1.44275		-0.244491
0.845	1.29283		0.0469161
0.846	0.883362		0.323167
0.847	0.462694		0.570021
0.848	0.132812		0.775267
0.849	-0.0649638		0.923532
0.85	-0.0248039		0.995508
0.851	0.00355747		0.972508
0.852	-0.0657228		0.844779
0.853	-0.379647		0.618915
0.854	-0.875882		0.32036
0.855	-1.33976		-0.0111259
0.856	-1.42807		-0.33118
0.857	-1.27773		-0.601721
0.858	-0.706495		-0.798533
0.859	-0.0636921		-0.912332
0.86	0.470162		-0.944154
0.861	0.717568		-0.898501
0.862	0.821451		-0.77863
0.863	0.58773		-0.586539
0.864	0.508734		-0.328246
0.865	0.479507		-0.0199063
0.866	0.677459		0.30868
0.867	0.949386		0.616703
0.868	0.993193		0.860898
0.869	0.781756		1.00669
0.87	0.309251		1.03739
0.871	-0.38063		0.957068
0.872	-0.980292		0.786292
0.873	-1.33587		0.553225
0.874	-1.27548		0.28463
0.875	-1.03336		0.00115304
0.876	-0.609029		-0.281866
0.877	-0.309239		-0.549118
0.878	-0.172256		-0.780309
0.879	-0.252843		-0.949069
0.88	-0.343441		-1.02764
0.881	-0.198178		-0.995781
0.882	0.153211		-0.849557
0.883	0.647529		-0.605672
0.884	1.22467		-0.298534
0.885	1.49886		0.0288158
0.886	1.44258		0.335827
0.887	1.00741		0.593058
0.888	0.418782		0.784594
0.889	-0.141948		0.904613
0.89	-0.452131		0.950827
0.891	-0.526176		0.919725
0.892	-0.417731		0.806302
0.893	-0.39027		0.60898
0.894	-0.473587		0.336701
0.895	-0.744889		0.0136876
0.896	-0.973257		-0.321591
0.897	-1.16215		-0.623888
0.898	-1.09132		-0.852464
0.899	-0.690423		-0.981213
0.9	0.0369442		-1.00334
0.901	0.677428		-0.928789
0.902	1.04071		-0.77687
0.903	1.18594		-0.567694
0.904	1.05734		-0.317163
0.905	0.662882		-0.0377178
0.906	0.426399		0.256488
0.907	0.357981		0.544214
0.908	0.425132		0.795071
0.909	0.559005		0.97388
0.91	0.437363		1.0498
0.911	0.155224		1.00642
0.912	-0.395713		0.848195
0.913	-0.974049		0.59976
0.914	-1.38031		0.298408
0.915	-1.43396		-0.0164266
0.916	-1.17496		-0.31241
0.917	-0.704822		-0.568052
0.918	-0.134735		-0.770552
0.919	0.169945		-0.910236
0.92	0.343642		-0.97592
0.921	0.273602		-0.954528
0.922	0.17297		-0.836216
0.923	0.27706		-0.621953
0.924	0.597609		-0.329459
0.925	0.968122		0.00648351
0.926	1.30143		0.340366
0.927	1.27759		0.627207
0.928	1.01906		0.833384
0.929	0.340709		0.943101
0.93	-0.30572		0.957477
0.931	-0.819761		0.888338
0.932	-1.04787		0.750049
0.933	-0.963546		0.554119
0.934	-0.755556		0.309318
0.935	-0.497355		0.0265495
0.936	-0.472539		-0.275181
0.937	-0.586851		-0.566025
0.938	-0.821671		-0.808493
0.939	-0.766568		-0.96618
0.94	-0.482891		-1.01421
0.941	0.098294		-0.946876
0.942	0.708265		-0.778716
0.943	1.23067		-0.538672
0.944	1.46714		-0.26036
0.945	1.26774		0.0269156
0.946	0.89433		0.302181
0.947	0.383035		0.551202
0.948	0.130974		0.760795
0.949	0.00612605		0.914105
0.95	0.0357021		0.989993
0.951	-0.0107801		0.968305
0.952	-0.0896829		0.838353
0.953	-0.410557		0.606822
0.954	-0.863668		0.300268
0.955	-1.26829		-0.039629
0.956	-1.46663		-0.36648
0.957	-1.19019		-0.64061
0.958	-0.682932		-0.836944
0.959	-0.098178		-0.946502
0.96	0.480813		-0.971635
0.961	0.716555		-0.918753
0.962	0.774065		-0.792969
0.963	0.653992		-0.597703
0.964	0.519058		-0.339232
0.965	0.476877		-0.033028
0.966	0.733354		0.292514
0.967	0.938698		0.598226
0.968	1.05137		0.84203
0.969	0.837715		0.989956
0.97	0.323586		1.02493
0.971	-0.391141		0.950066
0.972	-0.983548		0.78469
0.973	-1.30984		0.556012
0.974	-1.33807		0.290456
0.975	-0.984803		0.00883264
0.976	-0.658698		-0.272819
0.977	-0.283146		-0.538583
0.978	-0.17691		-0.76782
0.979	-0.274377		-0.9343
0.98	-0.328417		-1.01102
0.981	-0.226374		-0.978587
0.982	0.182683		-0.833751
0.983	0.637941		-0.593203
0.984	1.17652		-0.29062
0.985	1.49531		0.0323378
0.986	1.43329		0.336837
0.987	0.986705		0.594698
0.988	0.451895		0.790445
0.989	-0.129842		0.917547
0.99	-0.495999		0.972126
0.991	-0.552196		0.948419
0.992	-0.426005		0.839383
0.993	-0.428924		0.642155
0.994	-0.499814		0.365488
0.995	-0.741785		0.0346643
0.996	-1.04942		-0.310026
0.997	-1.15247		-0.621286
0.998	-1.10593		-0.856672
0.999	-0.663908		-0.98914
1	0.0313837		-1.01189
1.001	0.605954		-0.935803
1.002	1.11822		-0.781595
1.003	1.16827		-0.5706
1.004	1.05351		-0.319651
1.005	0.681758		-0.0413391
1.006	0.436849		0.250712
1.007	0.357654		0.536084
1.008	0.436378		0.785388
1.009	0.584509		0.963978
1.01	0.513013		1.04095
1.011	0.182166		0.999303
1.012	-0.369245		0.842428
1.013	-0.982152		0.59392
1.014	-1.44938		0.290498
1.015	-1.50818		-0.0284361
1.016	-1.22356		-0.32981
1.017	-0.699081		-0.590812
1.018	-0.170695		-0.797229
1.019	0.150633		-0.938232
1.02	0.333339		-1.00215
1.021	0.258654		-0.976267
1.022	0.207163		-0.851864
1.023	0.351172		-0.631376
